1:
- [0.000, 0.000, 4.00, 0.000]
- [0.988, 0.000, 4.00, 0.000]
- [9.881, 0.000, 4.00, 0.000]
- [10.869, 0.000, 4.00, 0.000]
- [16.798, 0.000, 4.00, 0.000]
- [21.738, 0.000, 4.00, 0.000]
- [26.679, 0.000, 4.00, 0.000]
- [27.667, 0.000, 4.00, 0.000]
- [30.856, 0.634, 4.00, -22.500]
- [33.559, 2.441, 4.00, -22.500]
- [35.366, 5.144, 4.00, -22.500]
- [36.000, 8.333, 4.00, -22.500]
- [35.366, 11.522, 4.00, -22.500]
- [33.559, 14.226, 4.00, -22.500]
- [30.856, 16.032, 4.00, -22.500]
- [27.667, 16.667, 4.00, -22.500]
- [26.700, 16.667, 4.00, 0.000]
- [25.733, 16.667, 4.00, 0.000]
- [24.767, 16.667, 4.00, 0.000]
- [18.967, 16.667, 4.00, 0.000]
- [12.200, 16.667, 4.00, 0.000]
- [11.233, 16.667, 4.00, 0.000]
- [10.267, 16.667, 4.00, 0.000]
- [9.300, 16.667, 4.00, 0.000]
- [8.333, 16.667, 4.00, 0.000]
- [8.206, 16.692, 4.00, 22.500]
- [8.098, 16.764, 4.00, 22.500]
- [8.025, 16.872, 4.00, 22.500]
- [8.000, 17.000, 4.00, 22.500]
- [8.025, 17.128, 4.00, 22.500]
- [8.098, 17.236, 4.00, 22.500]
- [8.206, 17.308, 4.00, 22.500]
- [8.333, 17.333, 4.00, 22.500]
- [9.300, 17.333, 4.00, 0.000]
- [10.267, 17.333, 4.00, 0.000]
- [11.233, 17.333, 4.00, 0.000]
- [19.933, 17.333, 4.00, 0.000]
- [20.900, 17.333, 4.00, 0.000]
- [21.867, 17.333, 4.00, 0.000]
- [26.700, 17.333, 4.00, 0.000]
- [27.667, 17.333, 4.00, 0.000]
- [30.856, 17.968, 4.00, -22.500]
- [33.559, 19.774, 4.00, -22.500]
- [35.366, 22.478, 4.00, -22.500]
- [36.000, 25.667, 4.00, -22.500]
- [35.366, 28.856, 4.00, -22.500]
- [33.559, 31.559, 4.00, -22.500]
- [30.856, 33.366, 4.00, -22.500]
- [27.667, 34.000, 4.00, -22.500]
- [26.679, 34.000, 4.00, 0.000]
- [25.690, 34.000, 4.00, 0.000]
- [24.702, 34.000, 4.00, 0.000]
- [16.798, 34.000, 4.00, 0.000]
- [15.810, 34.000, 4.00, 0.000]
- [14.821, 34.000, 4.00, 0.000]
- [11.857, 34.000, 4.00, 0.000]
- [10.869, 34.000, 4.00, 0.000]
- [9.881, 34.000, 4.00, 0.000]
- [8.893, 34.000, 4.00, 0.000]
- [1.976, 34.000, 4.00, 0.000]
- [0.988, 34.000, 4.00, 0.000]
- [0.000, 34.000, 4.00, 0.000]
